-2.560000000000000000e+02
-1.536000000000000000e+03
1.024000000000000000e+03
-1.280000000000000000e+03
-7.680000000000000000e+02
1.024000000000000000e+03
-1.536000000000000000e+03
0.000000000000000000e+00
7.680000000000000000e+02
-7.680000000000000000e+02
5.120000000000000000e+02
0.000000000000000000e+00
-7.680000000000000000e+02
1.024000000000000000e+03
0.000000000000000000e+00
0.000000000000000000e+00
1.792000000000000000e+03
-2.560000000000000000e+02
1.280000000000000000e+03
1.792000000000000000e+03
2.560000000000000000e+02
2.048000000000000000e+03
7.680000000000000000e+02
1.280000000000000000e+03
2.304000000000000000e+03
5.120000000000000000e+02
1.792000000000000000e+03
1.024000000000000000e+03
1.024000000000000000e+03
1.792000000000000000e+03
0.000000000000000000e+00
1.792000000000000000e+03
1.536000000000000000e+03
-7.680000000000000000e+02
2.304000000000000000e+03
0.000000000000000000e+00
0.000000000000000000e+00
1.536000000000000000e+03
-1.280000000000000000e+03
7.680000000000000000e+02
5.120000000000000000e+02
-1.536000000000000000e+03
1.024000000000000000e+03
-2.560000000000000000e+02
-1.024000000000000000e+03
7.680000000000000000e+02
-1.280000000000000000e+03
-5.120000000000000000e+02
0.000000000000000000e+00
-1.536000000000000000e+03
-2.560000000000000000e+02
-7.680000000000000000e+02
-1.024000000000000000e+03
-2.560000000000000000e+02
-1.024000000000000000e+03
-1.280000000000000000e+03
-5.120000000000000000e+02
-1.792000000000000000e+03
-5.120000000000000000e+02
-1.280000000000000000e+03
-1.536000000000000000e+03
-5.120000000000000000e+02
-2.048000000000000000e+03
-5.120000000000000000e+02
-7.680000000000000000e+02
-1.792000000000000000e+03
1.024000000000000000e+03
-1.536000000000000000e+03
-5.120000000000000000e+02
1.536000000000000000e+03
-1.536000000000000000e+03
5.120000000000000000e+02
5.120000000000000000e+02
-1.024000000000000000e+03
1.280000000000000000e+03
-2.560000000000000000e+02
-5.120000000000000000e+02
2.048000000000000000e+03
-2.560000000000000000e+02
7.680000000000000000e+02
2.048000000000000000e+03
-2.560000000000000000e+02
2.048000000000000000e+03
1.024000000000000000e+03
1.024000000000000000e+03
1.792000000000000000e+03
5.120000000000000000e+02
1.792000000000000000e+03
1.280000000000000000e+03
7.680000000000000000e+02
2.048000000000000000e+03
-2.560000000000000000e+02
1.536000000000000000e+03
1.024000000000000000e+03
-5.120000000000000000e+02
1.792000000000000000e+03
2.560000000000000000e+02
2.560000000000000000e+02
1.280000000000000000e+03
0.000000000000000000e+00
5.120000000000000000e+02
1.024000000000000000e+03
-7.680000000000000000e+02
7.680000000000000000e+02
1.024000000000000000e+03
-1.280000000000000000e+03
1.280000000000000000e+03
-2.560000000000000000e+02
-1.536000000000000000e+03
7.680000000000000000e+02
-1.792000000000000000e+03
-7.680000000000000000e+02
-5.120000000000000000e+02
-2.304000000000000000e+03
0.000000000000000000e+00
-1.280000000000000000e+03
-1.280000000000000000e+03
-5.120000000000000000e+02
-2.048000000000000000e+03
-5.120000000000000000e+02
-1.536000000000000000e+03
-1.792000000000000000e+03
-2.560000000000000000e+02
-2.048000000000000000e+03
-7.680000000000000000e+02
-5.120000000000000000e+02
-1.792000000000000000e+03
1.024000000000000000e+03
-1.280000000000000000e+03
-1.024000000000000000e+03
1.536000000000000000e+03
-1.536000000000000000e+03
2.560000000000000000e+02
1.024000000000000000e+03
-1.024000000000000000e+03
1.024000000000000000e+03
0.000000000000000000e+00
-2.560000000000000000e+02
1.024000000000000000e+03
-2.560000000000000000e+02
0.000000000000000000e+00
1.280000000000000000e+03
-2.560000000000000000e+02
7.680000000000000000e+02
1.792000000000000000e+03
0.000000000000000000e+00
1.792000000000000000e+03
7.680000000000000000e+02
7.680000000000000000e+02
2.048000000000000000e+03
7.680000000000000000e+02
1.792000000000000000e+03
1.280000000000000000e+03
1.024000000000000000e+03
2.304000000000000000e+03
2.560000000000000000e+02
1.792000000000000000e+03
1.536000000000000000e+03
-1.280000000000000000e+03
2.048000000000000000e+03
-2.560000000000000000e+02
0.000000000000000000e+00
1.280000000000000000e+03
-1.024000000000000000e+03
7.680000000000000000e+02
5.120000000000000000e+02
-1.280000000000000000e+03
1.024000000000000000e+03
0.000000000000000000e+00
-1.536000000000000000e+03
7.680000000000000000e+02
-1.280000000000000000e+03
-1.024000000000000000e+03
0.000000000000000000e+00
-2.048000000000000000e+03
-2.560000000000000000e+02
-1.024000000000000000e+03
-1.536000000000000000e+03
-5.120000000000000000e+02
-1.536000000000000000e+03
-7.680000000000000000e+02
-1.024000000000000000e+03
-1.280000000000000000e+03
0.000000000000000000e+00
-1.280000000000000000e+03
-1.024000000000000000e+03
-5.120000000000000000e+02
-1.536000000000000000e+03
-7.680000000000000000e+02
-7.680000000000000000e+02
-1.536000000000000000e+03
5.120000000000000000e+02
-1.280000000000000000e+03
-1.280000000000000000e+03
1.024000000000000000e+03
-1.792000000000000000e+03
0.000000000000000000e+00
7.680000000000000000e+02
-1.536000000000000000e+03
1.536000000000000000e+03
2.560000000000000000e+02
0.000000000000000000e+00
2.304000000000000000e+03
-5.120000000000000000e+02
1.024000000000000000e+03
1.536000000000000000e+03
0.000000000000000000e+00
1.792000000000000000e+03
7.680000000000000000e+02
7.680000000000000000e+02
1.792000000000000000e+03
5.120000000000000000e+02
1.792000000000000000e+03
1.280000000000000000e+03
7.680000000000000000e+02
1.792000000000000000e+03
-2.560000000000000000e+02
1.536000000000000000e+03
1.536000000000000000e+03
-5.120000000000000000e+02
1.792000000000000000e+03
5.120000000000000000e+02
-5.120000000000000000e+02
1.536000000000000000e+03
-7.680000000000000000e+02
5.120000000000000000e+02
7.680000000000000000e+02
-7.680000000000000000e+02
1.024000000000000000e+03
5.120000000000000000e+02
-1.024000000000000000e+03
1.024000000000000000e+03
-2.560000000000000000e+02
-1.024000000000000000e+03
7.680000000000000000e+02
-1.280000000000000000e+03
-5.120000000000000000e+02
0.000000000000000000e+00
-2.304000000000000000e+03
0.000000000000000000e+00
-1.280000000000000000e+03
-1.792000000000000000e+03
-2.560000000000000000e+02
-2.048000000000000000e+03
-7.680000000000000000e+02
-1.280000000000000000e+03
-1.536000000000000000e+03
0.000000000000000000e+00
-2.048000000000000000e+03
-1.024000000000000000e+03
-5.120000000000000000e+02
-2.048000000000000000e+03
7.680000000000000000e+02
-1.024000000000000000e+03
-1.024000000000000000e+03
1.280000000000000000e+03
-1.536000000000000000e+03
0.000000000000000000e+00
1.024000000000000000e+03
-1.280000000000000000e+03
1.024000000000000000e+03
2.560000000000000000e+02
-2.560000000000000000e+02
1.792000000000000000e+03
-2.560000000000000000e+02
5.120000000000000000e+02
1.792000000000000000e+03
0.000000000000000000e+00
1.024000000000000000e+03
1.024000000000000000e+03
2.560000000000000000e+02
1.280000000000000000e+03
5.120000000000000000e+02
7.680000000000000000e+02
1.536000000000000000e+03
5.120000000000000000e+02
1.536000000000000000e+03
1.280000000000000000e+03
7.680000000000000000e+02
2.048000000000000000e+03
5.120000000000000000e+02
1.536000000000000000e+03
1.792000000000000000e+03
-5.120000000000000000e+02
2.304000000000000000e+03
5.120000000000000000e+02
0.000000000000000000e+00
1.792000000000000000e+03
-1.280000000000000000e+03
7.680000000000000000e+02
7.680000000000000000e+02
-1.280000000000000000e+03
1.280000000000000000e+03
0.000000000000000000e+00
-1.536000000000000000e+03
7.680000000000000000e+02
-1.280000000000000000e+03
-7.680000000000000000e+02
0.000000000000000000e+00
-2.048000000000000000e+03
-2.560000000000000000e+02
-1.280000000000000000e+03
-1.536000000000000000e+03
-2.560000000000000000e+02
-1.536000000000000000e+03
-7.680000000000000000e+02
-1.024000000000000000e+03
-1.792000000000000000e+03
0.000000000000000000e+00
-1.792000000000000000e+03
-1.024000000000000000e+03
-2.560000000000000000e+02
-1.792000000000000000e+03
2.560000000000000000e+02
-7.680000000000000000e+02
-1.024000000000000000e+03
7.680000000000000000e+02
-1.280000000000000000e+03
-7.680000000000000000e+02
5.120000000000000000e+02
-1.280000000000000000e+03
-2.560000000000000000e+02
5.120000000000000000e+02
-1.536000000000000000e+03
1.024000000000000000e+03
2.560000000000000000e+02
-5.120000000000000000e+02
2.560000000000000000e+03
-2.560000000000000000e+02
7.680000000000000000e+02
2.048000000000000000e+03
-2.560000000000000000e+02
2.048000000000000000e+03
7.680000000000000000e+02
1.024000000000000000e+03
1.792000000000000000e+03
5.120000000000000000e+02
1.792000000000000000e+03
1.280000000000000000e+03
7.680000000000000000e+02
1.792000000000000000e+03
2.560000000000000000e+02
1.536000000000000000e+03
2.048000000000000000e+03
-5.120000000000000000e+02
2.048000000000000000e+03
1.024000000000000000e+03
-5.120000000000000000e+02
1.792000000000000000e+03
-5.120000000000000000e+02
5.120000000000000000e+02
7.680000000000000000e+02
-1.536000000000000000e+03
7.680000000000000000e+02
-2.560000000000000000e+02
-1.280000000000000000e+03
7.680000000000000000e+02
-7.680000000000000000e+02
-5.120000000000000000e+02
2.560000000000000000e+02
-7.680000000000000000e+02
-5.120000000000000000e+02
0.000000000000000000e+00
-1.536000000000000000e+03
-2.560000000000000000e+02
-7.680000000000000000e+02
-1.792000000000000000e+03
-2.560000000000000000e+02
-1.792000000000000000e+03
-1.024000000000000000e+03
-1.280000000000000000e+03
-2.048000000000000000e+03
-2.560000000000000000e+02
-2.048000000000000000e+03
-7.680000000000000000e+02
-2.560000000000000000e+02
-2.048000000000000000e+03
7.680000000000000000e+02
-1.280000000000000000e+03
-1.024000000000000000e+03
1.024000000000000000e+03
-1.792000000000000000e+03
-2.560000000000000000e+02
1.024000000000000000e+03
-1.280000000000000000e+03
5.120000000000000000e+02
2.560000000000000000e+02
-7.680000000000000000e+02
1.536000000000000000e+03
0.000000000000000000e+00
2.560000000000000000e+02
2.560000000000000000e+03
-2.560000000000000000e+02
1.792000000000000000e+03
1.280000000000000000e+03
5.120000000000000000e+02
1.792000000000000000e+03
2.560000000000000000e+02
1.280000000000000000e+03
1.024000000000000000e+03
5.120000000000000000e+02
1.280000000000000000e+03
7.680000000000000000e+02
1.024000000000000000e+03
1.536000000000000000e+03
2.560000000000000000e+02
1.536000000000000000e+03
1.536000000000000000e+03
0.000000000000000000e+00
1.792000000000000000e+03
5.120000000000000000e+02
0.000000000000000000e+00
1.792000000000000000e+03
-1.024000000000000000e+03
5.120000000000000000e+02
7.680000000000000000e+02
-1.536000000000000000e+03
1.024000000000000000e+03
0.000000000000000000e+00
-1.280000000000000000e+03
7.680000000000000000e+02
-1.024000000000000000e+03
-7.680000000000000000e+02
2.560000000000000000e+02
-2.304000000000000000e+03
-5.120000000000000000e+02
-7.680000000000000000e+02
-1.536000000000000000e+03
0.000000000000000000e+00
-1.536000000000000000e+03
-1.280000000000000000e+03
-7.680000000000000000e+02
-2.304000000000000000e+03
-5.120000000000000000e+02
-1.792000000000000000e+03
-1.536000000000000000e+03
0.000000000000000000e+00
-2.048000000000000000e+03
5.120000000000000000e+02
-5.120000000000000000e+02
-1.024000000000000000e+03
1.280000000000000000e+03
-1.280000000000000000e+03
0.000000000000000000e+00
7.680000000000000000e+02
-1.024000000000000000e+03
2.560000000000000000e+02
0.000000000000000000e+00
-7.680000000000000000e+02
5.120000000000000000e+02
0.000000000000000000e+00
-5.120000000000000000e+02
1.280000000000000000e+03
-2.560000000000000000e+02
2.560000000000000000e+02
2.048000000000000000e+03
-2.560000000000000000e+02
1.792000000000000000e+03
1.536000000000000000e+03
5.120000000000000000e+02
2.048000000000000000e+03
5.120000000000000000e+02
1.536000000000000000e+03
1.536000000000000000e+03
5.120000000000000000e+02
2.048000000000000000e+03
2.560000000000000000e+02
1.280000000000000000e+03
1.792000000000000000e+03
-5.120000000000000000e+02
2.048000000000000000e+03
5.120000000000000000e+02
-2.560000000000000000e+02
1.792000000000000000e+03
-7.680000000000000000e+02
2.560000000000000000e+02
1.024000000000000000e+03
-1.280000000000000000e+03
1.024000000000000000e+03
0.000000000000000000e+00
-1.792000000000000000e+03
7.680000000000000000e+02
-7.680000000000000000e+02
-1.024000000000000000e+03
2.560000000000000000e+02
-1.280000000000000000e+03
-2.560000000000000000e+02
-2.560000000000000000e+02
-1.280000000000000000e+03
-2.560000000000000000e+02
-1.024000000000000000e+03
-1.280000000000000000e+03
-5.120000000000000000e+02
-1.536000000000000000e+03
-1.024000000000000000e+03
-1.024000000000000000e+03
-1.792000000000000000e+03
-5.120000000000000000e+02
-1.792000000000000000e+03
-1.536000000000000000e+03
-5.120000000000000000e+02
-2.048000000000000000e+03
5.120000000000000000e+02
-1.024000000000000000e+03
-1.280000000000000000e+03
1.280000000000000000e+03
-1.792000000000000000e+03
-2.560000000000000000e+02
1.024000000000000000e+03
-1.280000000000000000e+03
7.680000000000000000e+02
0.000000000000000000e+00
-7.680000000000000000e+02
1.536000000000000000e+03
-2.560000000000000000e+02
0.000000000000000000e+00
2.304000000000000000e+03
-2.560000000000000000e+02
1.280000000000000000e+03
1.536000000000000000e+03
2.560000000000000000e+02
2.048000000000000000e+03
5.120000000000000000e+02
1.280000000000000000e+03
1.536000000000000000e+03
7.680000000000000000e+02
1.792000000000000000e+03
5.120000000000000000e+02
7.680000000000000000e+02
1.792000000000000000e+03
-5.120000000000000000e+02
1.792000000000000000e+03
7.680000000000000000e+02
-7.680000000000000000e+02
1.280000000000000000e+03
2.560000000000000000e+02
5.120000000000000000e+02
1.280000000000000000e+03
0.000000000000000000e+00
5.120000000000000000e+02
1.024000000000000000e+03
-1.024000000000000000e+03
1.024000000000000000e+03
2.560000000000000000e+02
-1.792000000000000000e+03
1.024000000000000000e+03
-1.280000000000000000e+03
-1.024000000000000000e+03
2.560000000000000000e+02
-2.048000000000000000e+03
-2.560000000000000000e+02
-1.024000000000000000e+03
-1.792000000000000000e+03
0.000000000000000000e+00
-1.536000000000000000e+03
-7.680000000000000000e+02
-1.024000000000000000e+03
-2.048000000000000000e+03
-2.560000000000000000e+02
-1.536000000000000000e+03
-1.536000000000000000e+03
-2.560000000000000000e+02
-2.048000000000000000e+03
0.000000000000000000e+00
-5.120000000000000000e+02
-1.536000000000000000e+03
1.280000000000000000e+03
-1.536000000000000000e+03
-5.120000000000000000e+02
1.280000000000000000e+03
-1.536000000000000000e+03
5.120000000000000000e+02
5.120000000000000000e+02
-7.680000000000000000e+02
1.280000000000000000e+03
0.000000000000000000e+00
0.000000000000000000e+00
1.280000000000000000e+03
-2.560000000000000000e+02
5.120000000000000000e+02
1.536000000000000000e+03
-2.560000000000000000e+02
1.280000000000000000e+03
1.024000000000000000e+03
2.560000000000000000e+02
1.792000000000000000e+03
7.680000000000000000e+02
1.280000000000000000e+03
2.048000000000000000e+03
5.120000000000000000e+02
2.304000000000000000e+03
5.120000000000000000e+02
1.280000000000000000e+03
2.048000000000000000e+03
-5.120000000000000000e+02
2.304000000000000000e+03
5.120000000000000000e+02
-5.120000000000000000e+02
1.792000000000000000e+03
-5.120000000000000000e+02
5.120000000000000000e+02
1.024000000000000000e+03
-1.024000000000000000e+03
1.024000000000000000e+03
5.120000000000000000e+02
-1.536000000000000000e+03
1.024000000000000000e+03
-7.680000000000000000e+02
-1.280000000000000000e+03
5.120000000000000000e+02
-1.536000000000000000e+03
-5.120000000000000000e+02
-5.120000000000000000e+02
-1.280000000000000000e+03
-2.560000000000000000e+02
-1.280000000000000000e+03
-1.024000000000000000e+03
-5.120000000000000000e+02
-1.280000000000000000e+03
-2.560000000000000000e+02
-1.280000000000000000e+03
-1.280000000000000000e+03
-5.120000000000000000e+02
-1.280000000000000000e+03
-1.024000000000000000e+03
-5.120000000000000000e+02
-1.792000000000000000e+03
2.560000000000000000e+02
-1.024000000000000000e+03
-1.280000000000000000e+03
7.680000000000000000e+02
-1.536000000000000000e+03
-5.120000000000000000e+02
1.024000000000000000e+03
-1.536000000000000000e+03
5.120000000000000000e+02
2.560000000000000000e+02
-1.024000000000000000e+03
2.048000000000000000e+03
-2.560000000000000000e+02
2.560000000000000000e+02
2.304000000000000000e+03
-5.120000000000000000e+02
1.536000000000000000e+03
1.280000000000000000e+03
2.560000000000000000e+02
1.792000000000000000e+03
5.120000000000000000e+02
1.280000000000000000e+03
1.792000000000000000e+03
1.024000000000000000e+03
1.792000000000000000e+03
1.024000000000000000e+03
1.024000000000000000e+03
2.048000000000000000e+03
-2.560000000000000000e+02
1.792000000000000000e+03
7.680000000000000000e+02
-5.120000000000000000e+02
1.792000000000000000e+03
2.560000000000000000e+02
2.560000000000000000e+02
1.280000000000000000e+03
-7.680000000000000000e+02
7.680000000000000000e+02
5.120000000000000000e+02
-1.280000000000000000e+03
1.024000000000000000e+03
0.000000000000000000e+00
-1.024000000000000000e+03
7.680000000000000000e+02
-5.120000000000000000e+02
-7.680000000000000000e+02
5.120000000000000000e+02
-2.304000000000000000e+03
-5.120000000000000000e+02
-7.680000000000000000e+02
-2.304000000000000000e+03
0.000000000000000000e+00
-2.048000000000000000e+03
-1.024000000000000000e+03
-1.024000000000000000e+03
-2.048000000000000000e+03
-2.560000000000000000e+02
-1.792000000000000000e+03
-1.536000000000000000e+03
-2.560000000000000000e+02
-2.048000000000000000e+03
2.560000000000000000e+02
-7.680000000000000000e+02
-1.536000000000000000e+03
1.280000000000000000e+03
-1.536000000000000000e+03
-5.120000000000000000e+02
1.280000000000000000e+03
-1.280000000000000000e+03
2.560000000000000000e+02
5.120000000000000000e+02
-7.680000000000000000e+02
1.280000000000000000e+03
0.000000000000000000e+00
2.560000000000000000e+02
2.048000000000000000e+03
-2.560000000000000000e+02
1.024000000000000000e+03
1.280000000000000000e+03
0.000000000000000000e+00
1.280000000000000000e+03
7.680000000000000000e+02
5.120000000000000000e+02
1.536000000000000000e+03
5.120000000000000000e+02
1.280000000000000000e+03
1.536000000000000000e+03
7.680000000000000000e+02
2.048000000000000000e+03
7.680000000000000000e+02
1.280000000000000000e+03
2.048000000000000000e+03
0.000000000000000000e+00
2.048000000000000000e+03
1.280000000000000000e+03
-5.120000000000000000e+02
2.304000000000000000e+03
-5.120000000000000000e+02
2.560000000000000000e+02
1.024000000000000000e+03
-1.536000000000000000e+03
1.024000000000000000e+03
2.560000000000000000e+02
-1.536000000000000000e+03
1.024000000000000000e+03
-5.120000000000000000e+02
-1.024000000000000000e+03
5.120000000000000000e+02
-1.536000000000000000e+03
-5.120000000000000000e+02
-5.120000000000000000e+02
-2.048000000000000000e+03
-2.560000000000000000e+02
-1.536000000000000000e+03
-1.536000000000000000e+03
-7.680000000000000000e+02
-1.792000000000000000e+03
-5.120000000000000000e+02
-1.536000000000000000e+03
-1.280000000000000000e+03
0.000000000000000000e+00
-1.792000000000000000e+03
-5.120000000000000000e+02
-5.120000000000000000e+02
-1.536000000000000000e+03
0.000000000000000000e+00
-1.024000000000000000e+03
-1.024000000000000000e+03
1.024000000000000000e+03
-1.536000000000000000e+03
-2.560000000000000000e+02
5.120000000000000000e+02
-1.280000000000000000e+03
2.560000000000000000e+02
0.000000000000000000e+00
-1.024000000000000000e+03
1.536000000000000000e+03
0.000000000000000000e+00
2.560000000000000000e+02
2.560000000000000000e+03
-2.560000000000000000e+02
1.792000000000000000e+03
1.280000000000000000e+03
5.120000000000000000e+02
1.536000000000000000e+03
5.120000000000000000e+02
1.280000000000000000e+03
1.792000000000000000e+03
7.680000000000000000e+02
2.048000000000000000e+03
7.680000000000000000e+02
1.024000000000000000e+03
2.048000000000000000e+03
-2.560000000000000000e+02
1.792000000000000000e+03
1.536000000000000000e+03
-5.120000000000000000e+02
2.048000000000000000e+03
0.000000000000000000e+00
-2.560000000000000000e+02
1.280000000000000000e+03
-1.536000000000000000e+03
7.680000000000000000e+02
2.560000000000000000e+02
-1.024000000000000000e+03
7.680000000000000000e+02
0.000000000000000000e+00
-7.680000000000000000e+02
5.120000000000000000e+02
-5.120000000000000000e+02
-5.120000000000000000e+02
2.560000000000000000e+02
-1.536000000000000000e+03
-5.120000000000000000e+02
-2.560000000000000000e+02
-1.792000000000000000e+03
0.000000000000000000e+00
-1.280000000000000000e+03
-1.536000000000000000e+03
-5.120000000000000000e+02
-2.048000000000000000e+03
-5.120000000000000000e+02
-1.792000000000000000e+03
-1.536000000000000000e+03
-2.560000000000000000e+02
-2.304000000000000000e+03
2.560000000000000000e+02
-5.120000000000000000e+02
-1.536000000000000000e+03
1.280000000000000000e+03
-1.536000000000000000e+03
-2.560000000000000000e+02
1.024000000000000000e+03
-1.280000000000000000e+03
0.000000000000000000e+00
5.120000000000000000e+02
-1.024000000000000000e+03
1.024000000000000000e+03
2.560000000000000000e+02
-2.560000000000000000e+02
2.048000000000000000e+03
-2.560000000000000000e+02
1.024000000000000000e+03
1.792000000000000000e+03
0.000000000000000000e+00
1.792000000000000000e+03
5.120000000000000000e+02
7.680000000000000000e+02
1.280000000000000000e+03
2.560000000000000000e+02
1.280000000000000000e+03
1.024000000000000000e+03
5.120000000000000000e+02
1.280000000000000000e+03
5.120000000000000000e+02
1.280000000000000000e+03
1.280000000000000000e+03
-2.560000000000000000e+02
1.536000000000000000e+03
1.024000000000000000e+03
0.000000000000000000e+00
2.048000000000000000e+03
0.000000000000000000e+00
5.120000000000000000e+02
1.280000000000000000e+03
-1.024000000000000000e+03
1.024000000000000000e+03
5.120000000000000000e+02
-1.536000000000000000e+03
1.024000000000000000e+03
-5.120000000000000000e+02
-1.536000000000000000e+03
5.120000000000000000e+02
-1.792000000000000000e+03
-5.120000000000000000e+02
-7.680000000000000000e+02
-2.048000000000000000e+03
0.000000000000000000e+00
-1.280000000000000000e+03
-1.280000000000000000e+03
-7.680000000000000000e+02
-2.048000000000000000e+03
-7.680000000000000000e+02
-1.536000000000000000e+03
-1.792000000000000000e+03
-2.560000000000000000e+02
-2.048000000000000000e+03
-5.120000000000000000e+02
-2.560000000000000000e+02
-1.792000000000000000e+03
1.024000000000000000e+03
-1.024000000000000000e+03
-5.120000000000000000e+02
1.024000000000000000e+03
-1.536000000000000000e+03
0.000000000000000000e+00
7.680000000000000000e+02
-1.024000000000000000e+03
2.560000000000000000e+02
0.000000000000000000e+00
-7.680000000000000000e+02
7.680000000000000000e+02
-2.560000000000000000e+02
-2.560000000000000000e+02
2.048000000000000000e+03
-2.560000000000000000e+02
1.024000000000000000e+03
1.792000000000000000e+03
0.000000000000000000e+00
1.536000000000000000e+03
7.680000000000000000e+02
1.280000000000000000e+03
2.048000000000000000e+03
5.120000000000000000e+02
2.048000000000000000e+03
7.680000000000000000e+02
7.680000000000000000e+02
1.792000000000000000e+03
0.000000000000000000e+00
1.792000000000000000e+03
1.280000000000000000e+03
-5.120000000000000000e+02
2.048000000000000000e+03
2.560000000000000000e+02
0.000000000000000000e+00
1.792000000000000000e+03
-1.024000000000000000e+03
7.680000000000000000e+02
7.680000000000000000e+02
-1.792000000000000000e+03
1.024000000000000000e+03
-5.120000000000000000e+02
-1.280000000000000000e+03
5.120000000000000000e+02
-1.024000000000000000e+03
-2.560000000000000000e+02
0.000000000000000000e+00
-1.536000000000000000e+03
-2.560000000000000000e+02
-7.680000000000000000e+02
-1.280000000000000000e+03
-2.560000000000000000e+02
-1.280000000000000000e+03
-1.024000000000000000e+03
-7.680000000000000000e+02
-1.536000000000000000e+03
-7.680000000000000000e+02
-1.024000000000000000e+03
-1.536000000000000000e+03
-5.120000000000000000e+02
-2.048000000000000000e+03
-2.560000000000000000e+02
-5.120000000000000000e+02
-1.536000000000000000e+03
1.280000000000000000e+03
-1.280000000000000000e+03
-7.680000000000000000e+02
1.280000000000000000e+03
-1.536000000000000000e+03
0.000000000000000000e+00
5.120000000000000000e+02
-1.280000000000000000e+03
7.680000000000000000e+02
0.000000000000000000e+00
0.000000000000000000e+00
2.048000000000000000e+03
-5.120000000000000000e+02
7.680000000000000000e+02
2.048000000000000000e+03
0.000000000000000000e+00
2.048000000000000000e+03
7.680000000000000000e+02
1.024000000000000000e+03
1.536000000000000000e+03
2.560000000000000000e+02
1.536000000000000000e+03
1.024000000000000000e+03
7.680000000000000000e+02
1.792000000000000000e+03
2.560000000000000000e+02
1.280000000000000000e+03
1.536000000000000000e+03
-5.120000000000000000e+02
1.792000000000000000e+03
5.120000000000000000e+02
0.000000000000000000e+00
1.536000000000000000e+03
2.560000000000000000e+02
7.680000000000000000e+02
1.280000000000000000e+03
-7.680000000000000000e+02
7.680000000000000000e+02
7.680000000000000000e+02
-1.280000000000000000e+03
1.280000000000000000e+03
-2.560000000000000000e+02
-1.536000000000000000e+03
7.680000000000000000e+02
-1.792000000000000000e+03
-5.120000000000000000e+02
-5.120000000000000000e+02
-2.304000000000000000e+03
0.000000000000000000e+00
-1.536000000000000000e+03
-1.280000000000000000e+03
-5.120000000000000000e+02
-1.792000000000000000e+03
-7.680000000000000000e+02
-1.280000000000000000e+03
-1.792000000000000000e+03
-2.560000000000000000e+02
-1.792000000000000000e+03
-1.024000000000000000e+03
