-1.075200000000000000e+04
-2.816000000000000000e+03
-2.560000000000000000e+02
-4.608000000000000000e+03
6.912000000000000000e+03
9.984000000000000000e+03
8.192000000000000000e+03
2.560000000000000000e+03
6.144000000000000000e+03
4.096000000000000000e+03
-8.704000000000000000e+03
-7.168000000000000000e+03
-6.912000000000000000e+03
-6.144000000000000000e+03
-9.984000000000000000e+03
2.560000000000000000e+03
6.144000000000000000e+03
2.560000000000000000e+03
7.424000000000000000e+03
9.984000000000000000e+03
7.936000000000000000e+03
-4.096000000000000000e+03
-5.120000000000000000e+02
-3.072000000000000000e+03
-8.960000000000000000e+03
-1.075200000000000000e+04
-2.816000000000000000e+03
-2.560000000000000000e+02
-4.608000000000000000e+03
6.656000000000000000e+03
9.984000000000000000e+03
8.192000000000000000e+03
2.560000000000000000e+03
6.144000000000000000e+03
4.096000000000000000e+03
-8.704000000000000000e+03
-7.168000000000000000e+03
-6.912000000000000000e+03
-6.144000000000000000e+03
-9.984000000000000000e+03
2.560000000000000000e+03
6.144000000000000000e+03
2.560000000000000000e+03
7.424000000000000000e+03
9.984000000000000000e+03
7.936000000000000000e+03
-4.096000000000000000e+03
-5.120000000000000000e+02
-3.072000000000000000e+03
-8.960000000000000000e+03
-1.100800000000000000e+04
-3.072000000000000000e+03
-2.560000000000000000e+02
-4.608000000000000000e+03
6.912000000000000000e+03
9.984000000000000000e+03
8.192000000000000000e+03
2.560000000000000000e+03
6.144000000000000000e+03
4.096000000000000000e+03
-8.704000000000000000e+03
-7.168000000000000000e+03
-6.912000000000000000e+03
-6.144000000000000000e+03
-1.024000000000000000e+04
2.560000000000000000e+03
6.144000000000000000e+03
2.304000000000000000e+03
7.424000000000000000e+03
9.984000000000000000e+03
7.936000000000000000e+03
-3.840000000000000000e+03
-5.120000000000000000e+02
-3.072000000000000000e+03
-8.960000000000000000e+03
-1.100800000000000000e+04
-2.816000000000000000e+03
-2.560000000000000000e+02
-4.864000000000000000e+03
6.656000000000000000e+03
9.984000000000000000e+03
8.448000000000000000e+03
2.560000000000000000e+03
6.144000000000000000e+03
4.096000000000000000e+03
-8.704000000000000000e+03
-7.168000000000000000e+03
-6.912000000000000000e+03
-6.144000000000000000e+03
-9.984000000000000000e+03
2.560000000000000000e+03
6.144000000000000000e+03
2.560000000000000000e+03
7.424000000000000000e+03
9.984000000000000000e+03
7.936000000000000000e+03
-3.840000000000000000e+03
-5.120000000000000000e+02
-2.816000000000000000e+03
-8.960000000000000000e+03
-1.075200000000000000e+04
-3.072000000000000000e+03
-2.560000000000000000e+02
-4.608000000000000000e+03
6.656000000000000000e+03
9.984000000000000000e+03
8.192000000000000000e+03
2.560000000000000000e+03
6.144000000000000000e+03
4.096000000000000000e+03
-8.960000000000000000e+03
-7.168000000000000000e+03
-6.912000000000000000e+03
-6.144000000000000000e+03
-1.024000000000000000e+04
2.560000000000000000e+03
6.144000000000000000e+03
2.560000000000000000e+03
7.424000000000000000e+03
9.984000000000000000e+03
7.936000000000000000e+03
-3.840000000000000000e+03
-5.120000000000000000e+02
-3.072000000000000000e+03
-8.960000000000000000e+03
-1.075200000000000000e+04
-2.816000000000000000e+03
-2.560000000000000000e+02
-4.608000000000000000e+03
6.656000000000000000e+03
9.984000000000000000e+03
8.192000000000000000e+03
2.816000000000000000e+03
6.144000000000000000e+03
4.096000000000000000e+03
-8.704000000000000000e+03
-7.168000000000000000e+03
-6.912000000000000000e+03
-6.144000000000000000e+03
-1.024000000000000000e+04
2.560000000000000000e+03
6.144000000000000000e+03
2.560000000000000000e+03
7.424000000000000000e+03
9.984000000000000000e+03
7.936000000000000000e+03
-3.840000000000000000e+03
-5.120000000000000000e+02
-3.072000000000000000e+03
-8.960000000000000000e+03
-1.075200000000000000e+04
-2.816000000000000000e+03
-2.560000000000000000e+02
-4.608000000000000000e+03
6.912000000000000000e+03
9.984000000000000000e+03
8.192000000000000000e+03
2.560000000000000000e+03
6.144000000000000000e+03
4.096000000000000000e+03
-8.704000000000000000e+03
-7.424000000000000000e+03
-6.912000000000000000e+03
-6.144000000000000000e+03
-9.984000000000000000e+03
2.560000000000000000e+03
6.144000000000000000e+03
2.560000000000000000e+03
7.424000000000000000e+03
9.984000000000000000e+03
7.936000000000000000e+03
-3.840000000000000000e+03
-5.120000000000000000e+02
-3.072000000000000000e+03
-8.960000000000000000e+03
-1.075200000000000000e+04
-3.072000000000000000e+03
-2.560000000000000000e+02
-4.608000000000000000e+03
6.912000000000000000e+03
9.984000000000000000e+03
8.192000000000000000e+03
2.560000000000000000e+03
6.144000000000000000e+03
4.096000000000000000e+03
-8.704000000000000000e+03
-7.168000000000000000e+03
-6.912000000000000000e+03
-6.144000000000000000e+03
-9.984000000000000000e+03
2.560000000000000000e+03
6.144000000000000000e+03
2.304000000000000000e+03
7.424000000000000000e+03
9.984000000000000000e+03
7.936000000000000000e+03
-3.840000000000000000e+03
-5.120000000000000000e+02
-2.816000000000000000e+03
-8.960000000000000000e+03
-1.075200000000000000e+04
-3.072000000000000000e+03
-2.560000000000000000e+02
-4.864000000000000000e+03
6.656000000000000000e+03
9.984000000000000000e+03
8.192000000000000000e+03
2.816000000000000000e+03
6.144000000000000000e+03
4.096000000000000000e+03
-8.704000000000000000e+03
-7.168000000000000000e+03
-6.912000000000000000e+03
-6.144000000000000000e+03
-9.984000000000000000e+03
2.560000000000000000e+03
6.144000000000000000e+03
2.560000000000000000e+03
7.424000000000000000e+03
9.984000000000000000e+03
7.936000000000000000e+03
-3.840000000000000000e+03
-5.120000000000000000e+02
-3.072000000000000000e+03
-8.960000000000000000e+03
-1.075200000000000000e+04
-2.816000000000000000e+03
-2.560000000000000000e+02
-4.608000000000000000e+03
6.656000000000000000e+03
9.984000000000000000e+03
8.192000000000000000e+03
2.560000000000000000e+03
6.144000000000000000e+03
4.096000000000000000e+03
-8.960000000000000000e+03
-7.168000000000000000e+03
-6.912000000000000000e+03
-6.144000000000000000e+03
-9.984000000000000000e+03
2.560000000000000000e+03
6.144000000000000000e+03
2.560000000000000000e+03
7.424000000000000000e+03
9.984000000000000000e+03
7.936000000000000000e+03
-3.840000000000000000e+03
-5.120000000000000000e+02
-2.816000000000000000e+03
-8.960000000000000000e+03
-1.075200000000000000e+04
-3.072000000000000000e+03
-2.560000000000000000e+02
-4.608000000000000000e+03
6.656000000000000000e+03
9.984000000000000000e+03
8.192000000000000000e+03
2.560000000000000000e+03
6.144000000000000000e+03
4.096000000000000000e+03
-8.704000000000000000e+03
-7.424000000000000000e+03
-7.168000000000000000e+03
-6.144000000000000000e+03
-9.984000000000000000e+03
2.560000000000000000e+03
6.144000000000000000e+03
2.560000000000000000e+03
7.424000000000000000e+03
9.984000000000000000e+03
7.936000000000000000e+03
-3.840000000000000000e+03
-5.120000000000000000e+02
-2.816000000000000000e+03
-8.960000000000000000e+03
-1.075200000000000000e+04
-3.072000000000000000e+03
-2.560000000000000000e+02
-4.608000000000000000e+03
6.656000000000000000e+03
9.984000000000000000e+03
8.448000000000000000e+03
2.560000000000000000e+03
6.144000000000000000e+03
4.096000000000000000e+03
-8.704000000000000000e+03
-7.168000000000000000e+03
-6.912000000000000000e+03
-6.144000000000000000e+03
-9.984000000000000000e+03
2.560000000000000000e+03
6.144000000000000000e+03
2.560000000000000000e+03
7.424000000000000000e+03
9.984000000000000000e+03
7.936000000000000000e+03
-3.840000000000000000e+03
-5.120000000000000000e+02
-3.072000000000000000e+03
-8.960000000000000000e+03
-1.075200000000000000e+04
-3.072000000000000000e+03
-2.560000000000000000e+02
-4.608000000000000000e+03
6.912000000000000000e+03
9.984000000000000000e+03
8.192000000000000000e+03
2.816000000000000000e+03
6.144000000000000000e+03
4.352000000000000000e+03
-8.704000000000000000e+03
-7.168000000000000000e+03
-6.912000000000000000e+03
-6.144000000000000000e+03
-1.024000000000000000e+04
2.560000000000000000e+03
6.144000000000000000e+03
2.560000000000000000e+03
7.424000000000000000e+03
9.984000000000000000e+03
7.936000000000000000e+03
-3.840000000000000000e+03
-5.120000000000000000e+02
-3.072000000000000000e+03
-8.960000000000000000e+03
-1.075200000000000000e+04
-3.072000000000000000e+03
-2.560000000000000000e+02
-4.608000000000000000e+03
6.656000000000000000e+03
9.984000000000000000e+03
8.448000000000000000e+03
2.560000000000000000e+03
6.144000000000000000e+03
4.096000000000000000e+03
-8.704000000000000000e+03
-7.168000000000000000e+03
-6.912000000000000000e+03
-6.144000000000000000e+03
-1.024000000000000000e+04
2.560000000000000000e+03
6.144000000000000000e+03
2.560000000000000000e+03
7.424000000000000000e+03
9.984000000000000000e+03
7.936000000000000000e+03
-3.840000000000000000e+03
-5.120000000000000000e+02
-3.072000000000000000e+03
-8.960000000000000000e+03
-1.075200000000000000e+04
-2.816000000000000000e+03
-2.560000000000000000e+02
-4.608000000000000000e+03
6.656000000000000000e+03
9.984000000000000000e+03
8.448000000000000000e+03
2.816000000000000000e+03
6.144000000000000000e+03
4.096000000000000000e+03
-8.704000000000000000e+03
-7.168000000000000000e+03
-6.912000000000000000e+03
-6.144000000000000000e+03
-9.984000000000000000e+03
2.560000000000000000e+03
6.144000000000000000e+03
2.304000000000000000e+03
7.424000000000000000e+03
9.984000000000000000e+03
7.936000000000000000e+03
-3.840000000000000000e+03
-5.120000000000000000e+02
-2.816000000000000000e+03
-8.960000000000000000e+03
-1.075200000000000000e+04
-3.072000000000000000e+03
-2.560000000000000000e+02
-4.608000000000000000e+03
6.656000000000000000e+03
9.984000000000000000e+03
8.448000000000000000e+03
2.816000000000000000e+03
5.888000000000000000e+03
4.352000000000000000e+03
-8.704000000000000000e+03
-7.168000000000000000e+03
-6.912000000000000000e+03
-6.144000000000000000e+03
-1.024000000000000000e+04
2.560000000000000000e+03
6.144000000000000000e+03
2.560000000000000000e+03
7.424000000000000000e+03
9.984000000000000000e+03
8.192000000000000000e+03
-3.840000000000000000e+03
-5.120000000000000000e+02
-3.072000000000000000e+03
-8.960000000000000000e+03
-1.075200000000000000e+04
-3.072000000000000000e+03
-2.560000000000000000e+02
-4.608000000000000000e+03
6.656000000000000000e+03
9.984000000000000000e+03
8.448000000000000000e+03
2.560000000000000000e+03
6.144000000000000000e+03
4.352000000000000000e+03
-8.704000000000000000e+03
-7.424000000000000000e+03
-6.912000000000000000e+03
-6.144000000000000000e+03
-9.984000000000000000e+03
2.560000000000000000e+03
6.144000000000000000e+03
2.560000000000000000e+03
7.680000000000000000e+03
9.984000000000000000e+03
8.192000000000000000e+03
-3.840000000000000000e+03
-5.120000000000000000e+02
-2.816000000000000000e+03
-8.960000000000000000e+03
-1.100800000000000000e+04
-3.072000000000000000e+03
-2.560000000000000000e+02
-4.608000000000000000e+03
6.656000000000000000e+03
9.984000000000000000e+03
8.192000000000000000e+03
2.560000000000000000e+03
6.144000000000000000e+03
4.352000000000000000e+03
-8.704000000000000000e+03
-7.168000000000000000e+03
-6.912000000000000000e+03
-6.144000000000000000e+03
-1.024000000000000000e+04
2.304000000000000000e+03
6.144000000000000000e+03
2.304000000000000000e+03
7.424000000000000000e+03
9.728000000000000000e+03
7.936000000000000000e+03
-3.840000000000000000e+03
-5.120000000000000000e+02
-2.816000000000000000e+03
-8.960000000000000000e+03
-1.075200000000000000e+04
-3.072000000000000000e+03
0.000000000000000000e+00
-4.608000000000000000e+03
6.656000000000000000e+03
9.984000000000000000e+03
8.448000000000000000e+03
2.560000000000000000e+03
6.144000000000000000e+03
4.352000000000000000e+03
-8.704000000000000000e+03
-7.424000000000000000e+03
-6.912000000000000000e+03
-6.144000000000000000e+03
-9.984000000000000000e+03
2.560000000000000000e+03
6.144000000000000000e+03
2.304000000000000000e+03
7.424000000000000000e+03
9.728000000000000000e+03
7.936000000000000000e+03
-3.840000000000000000e+03
-5.120000000000000000e+02
-2.816000000000000000e+03
-8.960000000000000000e+03
-1.100800000000000000e+04
-3.072000000000000000e+03
0.000000000000000000e+00
-4.608000000000000000e+03
6.656000000000000000e+03
9.984000000000000000e+03
8.448000000000000000e+03
2.816000000000000000e+03
6.144000000000000000e+03
4.352000000000000000e+03
-8.704000000000000000e+03
-7.168000000000000000e+03
-6.912000000000000000e+03
-6.144000000000000000e+03
-9.984000000000000000e+03
2.304000000000000000e+03
6.144000000000000000e+03
2.560000000000000000e+03
7.424000000000000000e+03
9.984000000000000000e+03
8.192000000000000000e+03
-3.840000000000000000e+03
-5.120000000000000000e+02
-2.816000000000000000e+03
-8.960000000000000000e+03
-1.075200000000000000e+04
-3.072000000000000000e+03
-2.560000000000000000e+02
-4.608000000000000000e+03
6.656000000000000000e+03
9.984000000000000000e+03
8.448000000000000000e+03
2.560000000000000000e+03
5.888000000000000000e+03
4.352000000000000000e+03
-8.704000000000000000e+03
-7.168000000000000000e+03
-6.912000000000000000e+03
-6.144000000000000000e+03
-9.984000000000000000e+03
2.560000000000000000e+03
6.144000000000000000e+03
2.560000000000000000e+03
7.424000000000000000e+03
9.984000000000000000e+03
7.936000000000000000e+03
-3.840000000000000000e+03
-5.120000000000000000e+02
-2.816000000000000000e+03
-8.960000000000000000e+03
-1.100800000000000000e+04
-2.816000000000000000e+03
-2.560000000000000000e+02
-4.608000000000000000e+03
6.656000000000000000e+03
9.984000000000000000e+03
8.448000000000000000e+03
2.816000000000000000e+03
5.888000000000000000e+03
4.352000000000000000e+03
-8.704000000000000000e+03
-7.168000000000000000e+03
-6.912000000000000000e+03
-6.144000000000000000e+03
-9.984000000000000000e+03
2.304000000000000000e+03
6.144000000000000000e+03
2.560000000000000000e+03
7.424000000000000000e+03
9.984000000000000000e+03
8.192000000000000000e+03
-3.840000000000000000e+03
-5.120000000000000000e+02
-3.072000000000000000e+03
-8.960000000000000000e+03
-1.100800000000000000e+04
-3.072000000000000000e+03
-2.560000000000000000e+02
-4.608000000000000000e+03
6.656000000000000000e+03
9.984000000000000000e+03
8.448000000000000000e+03
2.816000000000000000e+03
5.888000000000000000e+03
4.352000000000000000e+03
-8.704000000000000000e+03
-7.168000000000000000e+03
-6.912000000000000000e+03
-6.144000000000000000e+03
-9.984000000000000000e+03
2.304000000000000000e+03
6.144000000000000000e+03
2.304000000000000000e+03
7.680000000000000000e+03
9.728000000000000000e+03
8.192000000000000000e+03
-3.840000000000000000e+03
-5.120000000000000000e+02
-2.816000000000000000e+03
-8.960000000000000000e+03
-1.075200000000000000e+04
-3.072000000000000000e+03
-2.560000000000000000e+02
-4.608000000000000000e+03
6.656000000000000000e+03
9.984000000000000000e+03
8.448000000000000000e+03
2.816000000000000000e+03
6.144000000000000000e+03
4.352000000000000000e+03
-8.704000000000000000e+03
-7.168000000000000000e+03
-6.912000000000000000e+03
-6.144000000000000000e+03
-1.024000000000000000e+04
2.304000000000000000e+03
6.144000000000000000e+03
2.560000000000000000e+03
7.424000000000000000e+03
9.728000000000000000e+03
8.192000000000000000e+03
-3.840000000000000000e+03
-5.120000000000000000e+02
-2.816000000000000000e+03
-8.960000000000000000e+03
-1.075200000000000000e+04
-3.072000000000000000e+03
-2.560000000000000000e+02
-4.608000000000000000e+03
6.656000000000000000e+03
9.984000000000000000e+03
8.448000000000000000e+03
2.816000000000000000e+03
5.888000000000000000e+03
4.352000000000000000e+03
-8.704000000000000000e+03
-7.168000000000000000e+03
-6.912000000000000000e+03
-6.144000000000000000e+03
-9.984000000000000000e+03
2.304000000000000000e+03
6.144000000000000000e+03
2.560000000000000000e+03
7.424000000000000000e+03
9.728000000000000000e+03
8.192000000000000000e+03
-3.840000000000000000e+03
-5.120000000000000000e+02
-2.816000000000000000e+03
-8.960000000000000000e+03
-1.075200000000000000e+04
-3.072000000000000000e+03
-2.560000000000000000e+02
-4.608000000000000000e+03
6.656000000000000000e+03
9.984000000000000000e+03
8.448000000000000000e+03
2.816000000000000000e+03
6.144000000000000000e+03
4.352000000000000000e+03
-8.704000000000000000e+03
-7.168000000000000000e+03
-6.912000000000000000e+03
-6.144000000000000000e+03
-1.024000000000000000e+04
2.560000000000000000e+03
6.144000000000000000e+03
2.560000000000000000e+03
7.680000000000000000e+03
9.984000000000000000e+03
7.936000000000000000e+03
-3.840000000000000000e+03
-5.120000000000000000e+02
-2.816000000000000000e+03
-8.960000000000000000e+03
-1.100800000000000000e+04
-3.072000000000000000e+03
-2.560000000000000000e+02
-4.608000000000000000e+03
6.656000000000000000e+03
9.984000000000000000e+03
8.448000000000000000e+03
2.816000000000000000e+03
5.888000000000000000e+03
4.352000000000000000e+03
-8.704000000000000000e+03
-7.168000000000000000e+03
-6.912000000000000000e+03
-6.144000000000000000e+03
-9.984000000000000000e+03
2.560000000000000000e+03
6.144000000000000000e+03
2.560000000000000000e+03
7.424000000000000000e+03
9.728000000000000000e+03
8.192000000000000000e+03
-3.840000000000000000e+03
-5.120000000000000000e+02
-2.816000000000000000e+03
-8.960000000000000000e+03
-1.075200000000000000e+04
-3.072000000000000000e+03
0.000000000000000000e+00
-4.608000000000000000e+03
6.656000000000000000e+03
9.984000000000000000e+03
8.448000000000000000e+03
2.816000000000000000e+03
6.144000000000000000e+03
4.352000000000000000e+03
-8.704000000000000000e+03
-7.168000000000000000e+03
-6.912000000000000000e+03
-6.144000000000000000e+03
-1.024000000000000000e+04
2.304000000000000000e+03
6.144000000000000000e+03
2.560000000000000000e+03
7.424000000000000000e+03
9.984000000000000000e+03
8.192000000000000000e+03
-3.840000000000000000e+03
-5.120000000000000000e+02
-2.816000000000000000e+03
-8.960000000000000000e+03
-1.100800000000000000e+04
-3.072000000000000000e+03
-2.560000000000000000e+02
-4.864000000000000000e+03
6.656000000000000000e+03
9.984000000000000000e+03
8.448000000000000000e+03
2.816000000000000000e+03
5.888000000000000000e+03
4.352000000000000000e+03
-8.704000000000000000e+03
-7.168000000000000000e+03
-6.912000000000000000e+03
-6.144000000000000000e+03
-9.984000000000000000e+03
2.304000000000000000e+03
6.144000000000000000e+03
2.560000000000000000e+03
7.424000000000000000e+03
9.728000000000000000e+03
8.192000000000000000e+03
-3.584000000000000000e+03
-5.120000000000000000e+02
-2.560000000000000000e+03
-8.960000000000000000e+03
-1.075200000000000000e+04
-3.072000000000000000e+03
0.000000000000000000e+00
-4.608000000000000000e+03
6.656000000000000000e+03
9.984000000000000000e+03
8.448000000000000000e+03
2.816000000000000000e+03
6.144000000000000000e+03
4.352000000000000000e+03
-8.704000000000000000e+03
-7.424000000000000000e+03
-6.912000000000000000e+03
-6.144000000000000000e+03
-9.984000000000000000e+03
2.304000000000000000e+03
6.144000000000000000e+03
2.560000000000000000e+03
7.424000000000000000e+03
9.728000000000000000e+03
8.192000000000000000e+03
-3.840000000000000000e+03
-5.120000000000000000e+02
-2.816000000000000000e+03
-8.960000000000000000e+03
-1.075200000000000000e+04
-3.072000000000000000e+03
-2.560000000000000000e+02
-4.608000000000000000e+03
6.400000000000000000e+03
9.984000000000000000e+03
8.448000000000000000e+03
2.816000000000000000e+03
6.144000000000000000e+03
4.352000000000000000e+03
-8.704000000000000000e+03
-7.168000000000000000e+03
-6.912000000000000000e+03
-5.888000000000000000e+03
-1.024000000000000000e+04
2.560000000000000000e+03
6.144000000000000000e+03
2.560000000000000000e+03
7.424000000000000000e+03
9.728000000000000000e+03
8.192000000000000000e+03
-3.840000000000000000e+03
-5.120000000000000000e+02
-2.816000000000000000e+03
-8.960000000000000000e+03
-1.075200000000000000e+04
-3.072000000000000000e+03
0.000000000000000000e+00
-4.608000000000000000e+03
6.656000000000000000e+03
9.984000000000000000e+03
8.192000000000000000e+03
2.816000000000000000e+03
6.144000000000000000e+03
4.352000000000000000e+03
-8.704000000000000000e+03
-7.168000000000000000e+03
-6.912000000000000000e+03
-5.888000000000000000e+03
-9.984000000000000000e+03
2.304000000000000000e+03
6.144000000000000000e+03
2.560000000000000000e+03
7.424000000000000000e+03
9.728000000000000000e+03
8.192000000000000000e+03
-3.840000000000000000e+03
-5.120000000000000000e+02
-2.816000000000000000e+03
-8.960000000000000000e+03
-1.100800000000000000e+04
-3.072000000000000000e+03
0.000000000000000000e+00
-4.608000000000000000e+03
6.656000000000000000e+03
9.984000000000000000e+03
8.192000000000000000e+03
2.816000000000000000e+03
6.144000000000000000e+03
4.608000000000000000e+03
-8.704000000000000000e+03
-7.168000000000000000e+03
-6.912000000000000000e+03
-5.888000000000000000e+03
-1.024000000000000000e+04
2.304000000000000000e+03
6.144000000000000000e+03
2.560000000000000000e+03
7.424000000000000000e+03
9.728000000000000000e+03
7.936000000000000000e+03
-3.840000000000000000e+03
-5.120000000000000000e+02
-2.560000000000000000e+03
-8.960000000000000000e+03
-1.075200000000000000e+04
-3.072000000000000000e+03
0.000000000000000000e+00
-4.608000000000000000e+03
6.656000000000000000e+03
9.984000000000000000e+03
8.448000000000000000e+03
2.816000000000000000e+03
6.144000000000000000e+03
4.352000000000000000e+03
-8.704000000000000000e+03
-7.168000000000000000e+03
-6.912000000000000000e+03
-5.888000000000000000e+03
-1.024000000000000000e+04
2.304000000000000000e+03
6.144000000000000000e+03
2.560000000000000000e+03
7.680000000000000000e+03
9.728000000000000000e+03
8.192000000000000000e+03
-3.840000000000000000e+03
-5.120000000000000000e+02
-2.560000000000000000e+03
-8.960000000000000000e+03
-1.075200000000000000e+04
-3.072000000000000000e+03
0.000000000000000000e+00
-4.608000000000000000e+03
6.656000000000000000e+03
9.984000000000000000e+03
8.448000000000000000e+03
2.816000000000000000e+03
6.144000000000000000e+03
4.608000000000000000e+03
-8.704000000000000000e+03
-7.168000000000000000e+03
-6.912000000000000000e+03
-6.144000000000000000e+03
-1.024000000000000000e+04
2.304000000000000000e+03
6.144000000000000000e+03
2.304000000000000000e+03
7.424000000000000000e+03
9.984000000000000000e+03
8.448000000000000000e+03
-3.584000000000000000e+03
-5.120000000000000000e+02
-2.816000000000000000e+03
-8.960000000000000000e+03
-1.100800000000000000e+04
-3.072000000000000000e+03
0.000000000000000000e+00
-4.864000000000000000e+03
6.400000000000000000e+03
9.984000000000000000e+03
8.448000000000000000e+03
2.816000000000000000e+03
6.144000000000000000e+03
4.608000000000000000e+03
-8.704000000000000000e+03
-7.424000000000000000e+03
-6.912000000000000000e+03
-5.888000000000000000e+03
-9.984000000000000000e+03
2.304000000000000000e+03
6.144000000000000000e+03
2.304000000000000000e+03
7.680000000000000000e+03
9.984000000000000000e+03
8.192000000000000000e+03
-3.840000000000000000e+03
-5.120000000000000000e+02
-2.560000000000000000e+03
-8.960000000000000000e+03
-1.075200000000000000e+04
-3.072000000000000000e+03
0.000000000000000000e+00
-4.608000000000000000e+03
6.656000000000000000e+03
9.984000000000000000e+03
8.448000000000000000e+03
2.816000000000000000e+03
6.144000000000000000e+03
4.608000000000000000e+03
-8.704000000000000000e+03
-7.168000000000000000e+03
-6.912000000000000000e+03
-6.144000000000000000e+03
-1.024000000000000000e+04
2.304000000000000000e+03
6.144000000000000000e+03
2.304000000000000000e+03
7.424000000000000000e+03
9.728000000000000000e+03
8.192000000000000000e+03
-3.840000000000000000e+03
-5.120000000000000000e+02
-2.560000000000000000e+03
-8.960000000000000000e+03
-1.075200000000000000e+04
-3.072000000000000000e+03
-2.560000000000000000e+02
-4.608000000000000000e+03
6.400000000000000000e+03
9.984000000000000000e+03
8.448000000000000000e+03
2.816000000000000000e+03
5.888000000000000000e+03
4.352000000000000000e+03
-8.704000000000000000e+03
-7.168000000000000000e+03
-6.912000000000000000e+03
-5.888000000000000000e+03
-9.984000000000000000e+03
2.304000000000000000e+03
6.144000000000000000e+03
2.560000000000000000e+03
7.680000000000000000e+03
9.728000000000000000e+03
8.192000000000000000e+03
-3.840000000000000000e+03
-5.120000000000000000e+02
-2.560000000000000000e+03
-8.960000000000000000e+03
-1.075200000000000000e+04
-3.072000000000000000e+03
0.000000000000000000e+00
-4.608000000000000000e+03
6.400000000000000000e+03
9.984000000000000000e+03
8.448000000000000000e+03
2.816000000000000000e+03
6.144000000000000000e+03
4.608000000000000000e+03
-8.704000000000000000e+03
-7.168000000000000000e+03
-6.912000000000000000e+03
-5.888000000000000000e+03
-1.024000000000000000e+04
2.304000000000000000e+03
6.144000000000000000e+03
2.560000000000000000e+03
7.424000000000000000e+03
9.728000000000000000e+03
8.192000000000000000e+03
-3.584000000000000000e+03
-5.120000000000000000e+02
-2.816000000000000000e+03
-8.960000000000000000e+03
-1.075200000000000000e+04
-3.072000000000000000e+03
0.000000000000000000e+00
-4.608000000000000000e+03
6.656000000000000000e+03
9.984000000000000000e+03
8.448000000000000000e+03
2.816000000000000000e+03
5.888000000000000000e+03
4.352000000000000000e+03
-8.704000000000000000e+03
-7.424000000000000000e+03
-6.912000000000000000e+03
-6.144000000000000000e+03
-1.024000000000000000e+04
2.304000000000000000e+03
6.144000000000000000e+03
2.560000000000000000e+03
7.680000000000000000e+03
9.728000000000000000e+03
8.192000000000000000e+03
-3.840000000000000000e+03
-5.120000000000000000e+02
-2.560000000000000000e+03
-8.960000000000000000e+03
-1.049600000000000000e+04
-5.120000000000000000e+03
-2.304000000000000000e+03
-4.352000000000000000e+03
5.120000000000000000e+03
9.472000000000000000e+03
7.680000000000000000e+03
4.352000000000000000e+03
6.656000000000000000e+03
4.352000000000000000e+03
-7.936000000000000000e+03
-6.912000000000000000e+03
-7.168000000000000000e+03
-7.680000000000000000e+03
-9.472000000000000000e+03
5.120000000000000000e+02
4.352000000000000000e+03
2.048000000000000000e+03
8.448000000000000000e+03
1.024000000000000000e+04
8.192000000000000000e+03
-1.536000000000000000e+03
0.000000000000000000e+00
-2.304000000000000000e+03
-9.984000000000000000e+03
-1.049600000000000000e+04
-5.120000000000000000e+03
-2.304000000000000000e+03
-4.352000000000000000e+03
5.120000000000000000e+03
9.472000000000000000e+03
7.680000000000000000e+03
4.352000000000000000e+03
6.656000000000000000e+03
4.352000000000000000e+03
-7.936000000000000000e+03
-6.656000000000000000e+03
-7.168000000000000000e+03
-7.680000000000000000e+03
-9.472000000000000000e+03
2.560000000000000000e+02
4.352000000000000000e+03
2.048000000000000000e+03
8.448000000000000000e+03
1.024000000000000000e+04
8.192000000000000000e+03
-1.536000000000000000e+03
0.000000000000000000e+00
-2.304000000000000000e+03
-9.984000000000000000e+03
-1.049600000000000000e+04
-5.120000000000000000e+03
-2.304000000000000000e+03
-4.352000000000000000e+03
5.120000000000000000e+03
9.472000000000000000e+03
7.680000000000000000e+03
4.352000000000000000e+03
6.656000000000000000e+03
4.352000000000000000e+03
-7.936000000000000000e+03
-6.656000000000000000e+03
-7.168000000000000000e+03
-7.680000000000000000e+03
-9.472000000000000000e+03
2.560000000000000000e+02
4.352000000000000000e+03
2.048000000000000000e+03
8.448000000000000000e+03
1.024000000000000000e+04
7.936000000000000000e+03
-1.536000000000000000e+03
0.000000000000000000e+00
-2.304000000000000000e+03
-9.984000000000000000e+03
-1.049600000000000000e+04
-4.864000000000000000e+03
-2.304000000000000000e+03
-4.352000000000000000e+03
4.864000000000000000e+03
9.472000000000000000e+03
7.680000000000000000e+03
4.352000000000000000e+03
6.656000000000000000e+03
4.352000000000000000e+03
-7.936000000000000000e+03
-6.656000000000000000e+03
-6.912000000000000000e+03
-7.680000000000000000e+03
-9.472000000000000000e+03
2.560000000000000000e+02
4.352000000000000000e+03
2.048000000000000000e+03
8.448000000000000000e+03
1.024000000000000000e+04
8.192000000000000000e+03
-1.536000000000000000e+03
0.000000000000000000e+00
-2.048000000000000000e+03
-9.984000000000000000e+03
-1.049600000000000000e+04
-5.120000000000000000e+03
-2.304000000000000000e+03
-4.352000000000000000e+03
5.120000000000000000e+03
9.472000000000000000e+03
7.680000000000000000e+03
4.608000000000000000e+03
6.656000000000000000e+03
4.096000000000000000e+03
-7.936000000000000000e+03
-6.656000000000000000e+03
-6.912000000000000000e+03
-7.680000000000000000e+03
-9.472000000000000000e+03
2.560000000000000000e+02
4.352000000000000000e+03
2.048000000000000000e+03
8.448000000000000000e+03
1.024000000000000000e+04
8.192000000000000000e+03
-1.536000000000000000e+03
0.000000000000000000e+00
-2.304000000000000000e+03
-9.984000000000000000e+03
-1.049600000000000000e+04
-5.120000000000000000e+03
-2.304000000000000000e+03
-4.352000000000000000e+03
4.864000000000000000e+03
9.472000000000000000e+03
7.680000000000000000e+03
4.352000000000000000e+03
6.656000000000000000e+03
4.352000000000000000e+03
-7.936000000000000000e+03
-6.656000000000000000e+03
-6.912000000000000000e+03
-7.680000000000000000e+03
-9.472000000000000000e+03
5.120000000000000000e+02
4.352000000000000000e+03
2.048000000000000000e+03
8.448000000000000000e+03
1.024000000000000000e+04
8.192000000000000000e+03
-1.536000000000000000e+03
0.000000000000000000e+00
-2.048000000000000000e+03
-9.984000000000000000e+03
-1.049600000000000000e+04
-5.120000000000000000e+03
-2.304000000000000000e+03
-4.352000000000000000e+03
5.120000000000000000e+03
9.472000000000000000e+03
7.680000000000000000e+03
4.352000000000000000e+03
6.656000000000000000e+03
4.352000000000000000e+03
-7.936000000000000000e+03
-6.912000000000000000e+03
-6.912000000000000000e+03
-7.680000000000000000e+03
-9.472000000000000000e+03
2.560000000000000000e+02
4.352000000000000000e+03
2.048000000000000000e+03
8.448000000000000000e+03
1.024000000000000000e+04
8.192000000000000000e+03
-1.536000000000000000e+03
0.000000000000000000e+00
-2.304000000000000000e+03
-9.984000000000000000e+03
-1.049600000000000000e+04
-5.120000000000000000e+03
-2.304000000000000000e+03
-4.096000000000000000e+03
5.120000000000000000e+03
9.472000000000000000e+03
7.680000000000000000e+03
4.608000000000000000e+03
6.656000000000000000e+03
4.608000000000000000e+03
-7.936000000000000000e+03
-6.656000000000000000e+03
-6.912000000000000000e+03
-7.680000000000000000e+03
-9.472000000000000000e+03
2.560000000000000000e+02
4.352000000000000000e+03
2.048000000000000000e+03
8.448000000000000000e+03
1.024000000000000000e+04
8.192000000000000000e+03
-1.536000000000000000e+03
0.000000000000000000e+00
-2.048000000000000000e+03
-9.984000000000000000e+03
-1.049600000000000000e+04
-5.120000000000000000e+03
-2.304000000000000000e+03
-4.352000000000000000e+03
4.864000000000000000e+03
9.472000000000000000e+03
7.424000000000000000e+03
4.608000000000000000e+03
6.656000000000000000e+03
4.352000000000000000e+03
-7.936000000000000000e+03
-6.656000000000000000e+03
-6.912000000000000000e+03
-7.680000000000000000e+03
-9.472000000000000000e+03
2.560000000000000000e+02
4.352000000000000000e+03
2.048000000000000000e+03
8.448000000000000000e+03
1.024000000000000000e+04
8.192000000000000000e+03
-1.536000000000000000e+03
0.000000000000000000e+00
-2.304000000000000000e+03
-9.728000000000000000e+03
-1.049600000000000000e+04
-4.864000000000000000e+03
-2.304000000000000000e+03
-4.352000000000000000e+03
4.864000000000000000e+03
9.728000000000000000e+03
7.424000000000000000e+03
4.352000000000000000e+03
6.656000000000000000e+03
4.352000000000000000e+03
-7.936000000000000000e+03
-6.656000000000000000e+03
-6.912000000000000000e+03
-7.680000000000000000e+03
-9.472000000000000000e+03
2.560000000000000000e+02
4.352000000000000000e+03
2.048000000000000000e+03
8.448000000000000000e+03
1.024000000000000000e+04
8.192000000000000000e+03
-1.280000000000000000e+03
0.000000000000000000e+00
-2.304000000000000000e+03
-9.984000000000000000e+03
-1.049600000000000000e+04
-5.120000000000000000e+03
-2.304000000000000000e+03
-4.352000000000000000e+03
4.864000000000000000e+03
9.472000000000000000e+03
7.424000000000000000e+03
4.352000000000000000e+03
6.656000000000000000e+03
4.352000000000000000e+03
-7.936000000000000000e+03
-6.912000000000000000e+03
-6.912000000000000000e+03
-7.680000000000000000e+03
-9.472000000000000000e+03
2.560000000000000000e+02
4.352000000000000000e+03
2.048000000000000000e+03
8.448000000000000000e+03
1.024000000000000000e+04
8.192000000000000000e+03
-1.536000000000000000e+03
0.000000000000000000e+00
-2.048000000000000000e+03
-9.984000000000000000e+03
-1.049600000000000000e+04
-5.120000000000000000e+03
-2.304000000000000000e+03
-4.096000000000000000e+03
4.864000000000000000e+03
9.472000000000000000e+03
7.424000000000000000e+03
4.352000000000000000e+03
6.656000000000000000e+03
4.352000000000000000e+03
-7.936000000000000000e+03
-6.656000000000000000e+03
-6.912000000000000000e+03
-7.680000000000000000e+03
-9.472000000000000000e+03
5.120000000000000000e+02
4.352000000000000000e+03
2.048000000000000000e+03
8.448000000000000000e+03
1.024000000000000000e+04
8.192000000000000000e+03
-1.536000000000000000e+03
0.000000000000000000e+00
-2.048000000000000000e+03
-9.984000000000000000e+03
-1.049600000000000000e+04
-5.120000000000000000e+03
-2.304000000000000000e+03
-4.352000000000000000e+03
5.120000000000000000e+03
9.472000000000000000e+03
7.680000000000000000e+03
4.608000000000000000e+03
6.656000000000000000e+03
4.608000000000000000e+03
-7.680000000000000000e+03
-6.912000000000000000e+03
-7.168000000000000000e+03
-7.680000000000000000e+03
-9.472000000000000000e+03
2.560000000000000000e+02
4.352000000000000000e+03
2.048000000000000000e+03
8.448000000000000000e+03
1.024000000000000000e+04
8.192000000000000000e+03
-1.536000000000000000e+03
0.000000000000000000e+00
-2.048000000000000000e+03
-9.984000000000000000e+03
-1.075200000000000000e+04
-5.120000000000000000e+03
-2.304000000000000000e+03
-4.352000000000000000e+03
4.864000000000000000e+03
9.472000000000000000e+03
7.680000000000000000e+03
4.352000000000000000e+03
6.656000000000000000e+03
4.352000000000000000e+03
-7.936000000000000000e+03
-6.912000000000000000e+03
-7.168000000000000000e+03
-7.680000000000000000e+03
-9.472000000000000000e+03
2.560000000000000000e+02
4.352000000000000000e+03
2.048000000000000000e+03
8.448000000000000000e+03
1.024000000000000000e+04
8.192000000000000000e+03
-1.280000000000000000e+03
0.000000000000000000e+00
-2.048000000000000000e+03
-9.984000000000000000e+03
-1.049600000000000000e+04
-5.120000000000000000e+03
-2.304000000000000000e+03
-4.352000000000000000e+03
4.864000000000000000e+03
9.472000000000000000e+03
7.424000000000000000e+03
4.608000000000000000e+03
6.656000000000000000e+03
4.352000000000000000e+03
-7.936000000000000000e+03
-6.656000000000000000e+03
-6.912000000000000000e+03
-7.680000000000000000e+03
-9.472000000000000000e+03
2.560000000000000000e+02
4.352000000000000000e+03
2.048000000000000000e+03
8.448000000000000000e+03
1.024000000000000000e+04
8.192000000000000000e+03
-1.536000000000000000e+03
0.000000000000000000e+00
-2.048000000000000000e+03
-9.984000000000000000e+03
-1.049600000000000000e+04
-5.120000000000000000e+03
-2.304000000000000000e+03
-4.352000000000000000e+03
4.864000000000000000e+03
9.472000000000000000e+03
7.424000000000000000e+03
4.608000000000000000e+03
6.656000000000000000e+03
4.608000000000000000e+03
-7.936000000000000000e+03
-6.912000000000000000e+03
-6.912000000000000000e+03
-7.680000000000000000e+03
-9.472000000000000000e+03
2.560000000000000000e+02
4.352000000000000000e+03
2.048000000000000000e+03
8.448000000000000000e+03
1.024000000000000000e+04
8.192000000000000000e+03
-1.280000000000000000e+03
0.000000000000000000e+00
-2.048000000000000000e+03
-9.984000000000000000e+03
-1.049600000000000000e+04
-5.120000000000000000e+03
-2.048000000000000000e+03
-4.096000000000000000e+03
4.864000000000000000e+03
9.472000000000000000e+03
7.424000000000000000e+03
4.352000000000000000e+03
6.656000000000000000e+03
4.352000000000000000e+03
-7.936000000000000000e+03
-6.912000000000000000e+03
-6.912000000000000000e+03
-7.680000000000000000e+03
-9.472000000000000000e+03
2.560000000000000000e+02
4.352000000000000000e+03
2.048000000000000000e+03
8.448000000000000000e+03
1.024000000000000000e+04
8.448000000000000000e+03
-1.536000000000000000e+03
0.000000000000000000e+00
-2.048000000000000000e+03
-9.984000000000000000e+03
-1.049600000000000000e+04
-5.120000000000000000e+03
-2.304000000000000000e+03
-4.352000000000000000e+03
4.864000000000000000e+03
9.472000000000000000e+03
7.680000000000000000e+03
4.608000000000000000e+03
6.656000000000000000e+03
4.608000000000000000e+03
-7.936000000000000000e+03
-6.912000000000000000e+03
-6.912000000000000000e+03
-7.680000000000000000e+03
-9.472000000000000000e+03
2.560000000000000000e+02
4.352000000000000000e+03
2.048000000000000000e+03
8.448000000000000000e+03
1.024000000000000000e+04
8.192000000000000000e+03
-1.280000000000000000e+03
0.000000000000000000e+00
-2.048000000000000000e+03
-9.984000000000000000e+03
-1.075200000000000000e+04
-5.120000000000000000e+03
-2.048000000000000000e+03
-4.352000000000000000e+03
4.864000000000000000e+03
9.472000000000000000e+03
7.680000000000000000e+03
4.352000000000000000e+03
6.656000000000000000e+03
4.608000000000000000e+03
-7.936000000000000000e+03
-6.912000000000000000e+03
-6.912000000000000000e+03
-7.680000000000000000e+03
-9.472000000000000000e+03
2.560000000000000000e+02
4.352000000000000000e+03
2.048000000000000000e+03
8.448000000000000000e+03
1.024000000000000000e+04
8.448000000000000000e+03
-1.280000000000000000e+03
0.000000000000000000e+00
-2.048000000000000000e+03
-9.984000000000000000e+03
-1.049600000000000000e+04
-5.120000000000000000e+03
-2.304000000000000000e+03
-4.352000000000000000e+03
4.864000000000000000e+03
9.472000000000000000e+03
7.680000000000000000e+03
4.352000000000000000e+03
6.656000000000000000e+03
4.608000000000000000e+03
-7.936000000000000000e+03
-6.656000000000000000e+03
-7.168000000000000000e+03
-7.680000000000000000e+03
-9.472000000000000000e+03
2.560000000000000000e+02
4.352000000000000000e+03
2.048000000000000000e+03
8.448000000000000000e+03
1.024000000000000000e+04
8.192000000000000000e+03
-1.280000000000000000e+03
0.000000000000000000e+00
-2.048000000000000000e+03
-9.984000000000000000e+03
-1.049600000000000000e+04
-5.120000000000000000e+03
-2.048000000000000000e+03
-4.352000000000000000e+03
4.864000000000000000e+03
9.472000000000000000e+03
7.680000000000000000e+03
4.352000000000000000e+03
6.656000000000000000e+03
4.608000000000000000e+03
-7.936000000000000000e+03
-6.912000000000000000e+03
-6.912000000000000000e+03
-7.680000000000000000e+03
-9.472000000000000000e+03
2.560000000000000000e+02
4.352000000000000000e+03
2.048000000000000000e+03
8.448000000000000000e+03
1.024000000000000000e+04
8.192000000000000000e+03
-1.536000000000000000e+03
0.000000000000000000e+00
-2.048000000000000000e+03
-9.728000000000000000e+03
-1.075200000000000000e+04
-5.120000000000000000e+03
-2.048000000000000000e+03
-4.096000000000000000e+03
4.864000000000000000e+03
9.472000000000000000e+03
7.680000000000000000e+03
4.608000000000000000e+03
6.656000000000000000e+03
4.608000000000000000e+03
-7.936000000000000000e+03
-6.912000000000000000e+03
-6.912000000000000000e+03
-7.680000000000000000e+03
-9.472000000000000000e+03
0.000000000000000000e+00
4.352000000000000000e+03
2.048000000000000000e+03
8.448000000000000000e+03
1.024000000000000000e+04
8.192000000000000000e+03
-1.536000000000000000e+03
0.000000000000000000e+00
-2.048000000000000000e+03
-9.984000000000000000e+03
-1.049600000000000000e+04
-5.120000000000000000e+03
-2.304000000000000000e+03
-4.352000000000000000e+03
4.864000000000000000e+03
9.472000000000000000e+03
7.680000000000000000e+03
4.608000000000000000e+03
6.656000000000000000e+03
4.608000000000000000e+03
-7.936000000000000000e+03
-6.912000000000000000e+03
-6.912000000000000000e+03
-7.680000000000000000e+03
-9.472000000000000000e+03
2.560000000000000000e+02
4.352000000000000000e+03
2.048000000000000000e+03
8.448000000000000000e+03
1.024000000000000000e+04
8.192000000000000000e+03
-1.536000000000000000e+03
0.000000000000000000e+00
-2.048000000000000000e+03
-9.984000000000000000e+03
-1.049600000000000000e+04
-5.120000000000000000e+03
-2.304000000000000000e+03
-4.352000000000000000e+03
4.864000000000000000e+03
9.472000000000000000e+03
7.424000000000000000e+03
4.352000000000000000e+03
6.656000000000000000e+03
4.608000000000000000e+03
-7.936000000000000000e+03
-6.912000000000000000e+03
-6.912000000000000000e+03
-7.680000000000000000e+03
-9.472000000000000000e+03
0.000000000000000000e+00
4.352000000000000000e+03
2.048000000000000000e+03
8.448000000000000000e+03
1.024000000000000000e+04
8.192000000000000000e+03
-1.280000000000000000e+03
0.000000000000000000e+00
-2.048000000000000000e+03
-9.984000000000000000e+03
-1.049600000000000000e+04
-5.120000000000000000e+03
-2.048000000000000000e+03
-4.352000000000000000e+03
4.864000000000000000e+03
9.472000000000000000e+03
7.680000000000000000e+03
4.608000000000000000e+03
6.656000000000000000e+03
4.608000000000000000e+03
-7.936000000000000000e+03
-6.912000000000000000e+03
-6.912000000000000000e+03
-7.680000000000000000e+03
-9.472000000000000000e+03
2.560000000000000000e+02
4.352000000000000000e+03
2.048000000000000000e+03
8.192000000000000000e+03
1.024000000000000000e+04
8.448000000000000000e+03
-1.280000000000000000e+03
0.000000000000000000e+00
-2.048000000000000000e+03
-9.728000000000000000e+03
-1.049600000000000000e+04
-5.120000000000000000e+03
-2.304000000000000000e+03
-4.352000000000000000e+03
4.864000000000000000e+03
9.472000000000000000e+03
7.680000000000000000e+03
4.608000000000000000e+03
6.656000000000000000e+03
4.608000000000000000e+03
-7.936000000000000000e+03
-6.912000000000000000e+03
-6.912000000000000000e+03
-7.680000000000000000e+03
-9.472000000000000000e+03
2.560000000000000000e+02
4.352000000000000000e+03
2.048000000000000000e+03
8.192000000000000000e+03
1.024000000000000000e+04
8.192000000000000000e+03
-1.280000000000000000e+03
0.000000000000000000e+00
-2.048000000000000000e+03
-9.984000000000000000e+03
-1.075200000000000000e+04
-5.120000000000000000e+03
-2.304000000000000000e+03
-4.352000000000000000e+03
4.864000000000000000e+03
9.472000000000000000e+03
7.680000000000000000e+03
4.608000000000000000e+03
6.656000000000000000e+03
4.608000000000000000e+03
-7.936000000000000000e+03
-6.912000000000000000e+03
-6.912000000000000000e+03
-7.680000000000000000e+03
-9.472000000000000000e+03
2.560000000000000000e+02
4.352000000000000000e+03
2.048000000000000000e+03
8.448000000000000000e+03
1.024000000000000000e+04
8.448000000000000000e+03
-1.280000000000000000e+03
0.000000000000000000e+00
-2.048000000000000000e+03
-9.728000000000000000e+03
-1.049600000000000000e+04
-5.120000000000000000e+03
-2.304000000000000000e+03
-4.096000000000000000e+03
4.608000000000000000e+03
9.472000000000000000e+03
7.680000000000000000e+03
4.608000000000000000e+03
6.656000000000000000e+03
4.608000000000000000e+03
-7.936000000000000000e+03
-6.912000000000000000e+03
-6.912000000000000000e+03
-7.680000000000000000e+03
-9.472000000000000000e+03
2.560000000000000000e+02
4.352000000000000000e+03
2.048000000000000000e+03
8.448000000000000000e+03
1.024000000000000000e+04
8.448000000000000000e+03
-1.280000000000000000e+03
0.000000000000000000e+00
-2.048000000000000000e+03
-9.984000000000000000e+03
-1.075200000000000000e+04
-5.120000000000000000e+03
-2.048000000000000000e+03
-4.352000000000000000e+03
4.864000000000000000e+03
9.472000000000000000e+03
7.680000000000000000e+03
4.608000000000000000e+03
6.656000000000000000e+03
4.608000000000000000e+03
-7.680000000000000000e+03
-6.912000000000000000e+03
-6.912000000000000000e+03
-7.680000000000000000e+03
-9.472000000000000000e+03
0.000000000000000000e+00
4.352000000000000000e+03
2.048000000000000000e+03
8.448000000000000000e+03
1.024000000000000000e+04
8.448000000000000000e+03
-1.280000000000000000e+03
0.000000000000000000e+00
-2.048000000000000000e+03
-9.728000000000000000e+03
-1.075200000000000000e+04
-5.120000000000000000e+03
-2.304000000000000000e+03
-4.096000000000000000e+03
4.864000000000000000e+03
9.472000000000000000e+03
7.680000000000000000e+03
4.608000000000000000e+03
6.656000000000000000e+03
4.608000000000000000e+03
-7.936000000000000000e+03
-6.912000000000000000e+03
-6.912000000000000000e+03
-7.680000000000000000e+03
-9.472000000000000000e+03
0.000000000000000000e+00
4.352000000000000000e+03
2.048000000000000000e+03
8.448000000000000000e+03
1.024000000000000000e+04
8.448000000000000000e+03
-1.536000000000000000e+03
0.000000000000000000e+00
-2.048000000000000000e+03
-9.728000000000000000e+03
-1.075200000000000000e+04
-5.376000000000000000e+03
-2.048000000000000000e+03
-4.352000000000000000e+03
4.864000000000000000e+03
9.472000000000000000e+03
7.680000000000000000e+03
4.352000000000000000e+03
6.656000000000000000e+03
4.608000000000000000e+03
-7.680000000000000000e+03
-6.912000000000000000e+03
-6.912000000000000000e+03
-7.680000000000000000e+03
-9.472000000000000000e+03
2.560000000000000000e+02
4.352000000000000000e+03
2.048000000000000000e+03
8.448000000000000000e+03
1.024000000000000000e+04
8.448000000000000000e+03
-1.536000000000000000e+03
0.000000000000000000e+00
-2.048000000000000000e+03
-9.984000000000000000e+03
-1.075200000000000000e+04
-5.120000000000000000e+03
-2.304000000000000000e+03
-4.352000000000000000e+03
4.608000000000000000e+03
9.472000000000000000e+03
7.680000000000000000e+03
4.608000000000000000e+03
6.656000000000000000e+03
4.608000000000000000e+03
-7.936000000000000000e+03
-6.912000000000000000e+03
-6.912000000000000000e+03
-7.680000000000000000e+03
-9.472000000000000000e+03
0.000000000000000000e+00
4.352000000000000000e+03
2.048000000000000000e+03
8.448000000000000000e+03
1.024000000000000000e+04
8.448000000000000000e+03
-1.280000000000000000e+03
0.000000000000000000e+00
-2.048000000000000000e+03
-9.984000000000000000e+03
-1.075200000000000000e+04
-5.120000000000000000e+03
-2.048000000000000000e+03
-4.352000000000000000e+03
4.864000000000000000e+03
9.472000000000000000e+03
7.424000000000000000e+03
4.352000000000000000e+03
6.656000000000000000e+03
4.864000000000000000e+03
-7.680000000000000000e+03
-6.912000000000000000e+03
-6.912000000000000000e+03
-7.680000000000000000e+03
-9.472000000000000000e+03
0.000000000000000000e+00
4.352000000000000000e+03
2.048000000000000000e+03
8.448000000000000000e+03
1.024000000000000000e+04
8.192000000000000000e+03
-1.280000000000000000e+03
0.000000000000000000e+00
-1.792000000000000000e+03
-9.728000000000000000e+03
-1.075200000000000000e+04
-5.376000000000000000e+03
-2.304000000000000000e+03
-4.352000000000000000e+03
4.864000000000000000e+03
9.472000000000000000e+03
7.680000000000000000e+03
4.608000000000000000e+03
6.656000000000000000e+03
4.864000000000000000e+03
-7.936000000000000000e+03
-6.912000000000000000e+03
-6.912000000000000000e+03
-7.680000000000000000e+03
-9.472000000000000000e+03
0.000000000000000000e+00
4.352000000000000000e+03
2.048000000000000000e+03
8.192000000000000000e+03
1.024000000000000000e+04
8.448000000000000000e+03
-1.280000000000000000e+03
0.000000000000000000e+00
-1.792000000000000000e+03
-9.984000000000000000e+03
-1.049600000000000000e+04
-5.120000000000000000e+03
-2.048000000000000000e+03
-4.352000000000000000e+03
4.864000000000000000e+03
9.472000000000000000e+03
7.680000000000000000e+03
4.608000000000000000e+03
6.656000000000000000e+03
4.608000000000000000e+03
-7.936000000000000000e+03
-6.656000000000000000e+03
-6.912000000000000000e+03
-7.680000000000000000e+03
-9.472000000000000000e+03
0.000000000000000000e+00
4.352000000000000000e+03
2.048000000000000000e+03
8.448000000000000000e+03
1.024000000000000000e+04
8.448000000000000000e+03
-1.280000000000000000e+03
0.000000000000000000e+00
-2.048000000000000000e+03
-9.984000000000000000e+03
-1.075200000000000000e+04
-5.376000000000000000e+03
-2.048000000000000000e+03
-4.352000000000000000e+03
4.608000000000000000e+03
9.472000000000000000e+03
7.680000000000000000e+03
4.608000000000000000e+03
6.656000000000000000e+03
4.864000000000000000e+03
-7.936000000000000000e+03
-6.912000000000000000e+03
-6.912000000000000000e+03
-7.680000000000000000e+03
-9.472000000000000000e+03
2.560000000000000000e+02
4.352000000000000000e+03
2.048000000000000000e+03
8.448000000000000000e+03
1.024000000000000000e+04
8.448000000000000000e+03
-1.536000000000000000e+03
0.000000000000000000e+00
-2.048000000000000000e+03
-9.984000000000000000e+03
-1.075200000000000000e+04
-5.376000000000000000e+03
-2.048000000000000000e+03
-4.352000000000000000e+03
4.608000000000000000e+03
9.472000000000000000e+03
7.680000000000000000e+03
4.608000000000000000e+03
6.656000000000000000e+03
4.608000000000000000e+03
-7.680000000000000000e+03
-6.912000000000000000e+03
-6.912000000000000000e+03
-7.680000000000000000e+03
-9.472000000000000000e+03
0.000000000000000000e+00
4.608000000000000000e+03
2.048000000000000000e+03
8.192000000000000000e+03
1.024000000000000000e+04
8.448000000000000000e+03
-1.280000000000000000e+03
0.000000000000000000e+00
-2.048000000000000000e+03
-9.728000000000000000e+03
-1.049600000000000000e+04
-5.120000000000000000e+03
-2.048000000000000000e+03
-4.352000000000000000e+03
4.608000000000000000e+03
9.472000000000000000e+03
7.424000000000000000e+03
4.608000000000000000e+03
6.656000000000000000e+03
4.608000000000000000e+03
-7.936000000000000000e+03
-6.656000000000000000e+03
-6.656000000000000000e+03
-7.680000000000000000e+03
-9.472000000000000000e+03
0.000000000000000000e+00
4.352000000000000000e+03
2.048000000000000000e+03
8.448000000000000000e+03
1.024000000000000000e+04
8.448000000000000000e+03
-1.280000000000000000e+03
0.000000000000000000e+00
-1.792000000000000000e+03
-9.984000000000000000e+03
-1.049600000000000000e+04
-5.376000000000000000e+03
-2.048000000000000000e+03
-4.096000000000000000e+03
4.608000000000000000e+03
9.472000000000000000e+03
7.680000000000000000e+03
4.608000000000000000e+03
6.656000000000000000e+03
4.608000000000000000e+03
-7.936000000000000000e+03
-6.912000000000000000e+03
-6.912000000000000000e+03
-7.680000000000000000e+03
-9.472000000000000000e+03
0.000000000000000000e+00
4.352000000000000000e+03
2.048000000000000000e+03
8.448000000000000000e+03
1.024000000000000000e+04
8.448000000000000000e+03
-1.280000000000000000e+03
0.000000000000000000e+00
-2.048000000000000000e+03
-9.728000000000000000e+03
-1.075200000000000000e+04
-5.120000000000000000e+03
-2.048000000000000000e+03
-4.352000000000000000e+03
4.608000000000000000e+03
9.472000000000000000e+03
7.680000000000000000e+03
4.608000000000000000e+03
6.656000000000000000e+03
4.608000000000000000e+03
-7.936000000000000000e+03
-6.912000000000000000e+03
-6.912000000000000000e+03
-7.680000000000000000e+03
-9.472000000000000000e+03
0.000000000000000000e+00
4.352000000000000000e+03
2.048000000000000000e+03
8.448000000000000000e+03
1.024000000000000000e+04
8.448000000000000000e+03
-1.280000000000000000e+03
0.000000000000000000e+00
-1.792000000000000000e+03
-9.984000000000000000e+03
